# Pooled p50/p90/p99 vs target RPS at each app-replica scale (Istio vs Mazu).
# Histogram-pooled across 10 runs (per-bucket counts summed, percentiles read off the pooled CDF), wrk2 latency, ms.
#
# rps    p50_1x_ist  p50_1x_mzu  p50_2x_ist  p50_2x_mzu  p50_4x_ist  p50_4x_mzu  p50_8x_ist  p50_8x_mzu  p50_16x_ist p50_16x_mzu p50_32x_ist p50_32x_mzu p90_1x_ist  p90_1x_mzu  p90_2x_ist  p90_2x_mzu  p90_4x_ist  p90_4x_mzu  p90_8x_ist  p90_8x_mzu  p90_16x_ist p90_16x_mzu p90_32x_ist p90_32x_mzu p99_1x_ist  p99_1x_mzu  p99_2x_ist  p99_2x_mzu  p99_4x_ist  p99_4x_mzu  p99_8x_ist  p99_8x_mzu  p99_16x_ist p99_16x_mzu p99_32x_ist p99_32x_mzu 
# 1      2           3           4           5           6           7           8           9           10          11          12          13          14          15          16          17          18          19          20          21          22          23          24          25          26          27          28          29          30          31          32          33          34          35          36          37          
  100    456.83      491.02      51.32       53.50       52.97       58.17       57.43       69.30       63.13       81.15       68.98       92.76       1130.40     1229.72     71.51       81.58       64.52       76.45       68.95       86.88       75.24       97.84       82.90       256.50      4517.13     5199.99     190.60      209.75      105.04      123.99      107.45      130.77      116.83      157.61      130.37      2090.56     
  200    24073.04    24039.91    519.62      554.45      51.05       55.24       52.38       60.73       55.58       70.46       60.09       79.23       41481.56    41572.31    1303.47     1351.36     65.47       73.78       63.07       78.83       65.17       86.82       70.52       95.05       52018.06    51758.40    2497.02     2719.83     100.41      111.66      100.43      123.59      106.53      142.81      116.57      164.18      
  400    45741.16    45610.35    29325.01    29259.40    3105.61     2993.38     51.03       56.64       51.77       63.67       53.72       70.78       75993.31    76193.39    48299.82    48684.95    8557.36     8438.11     72.90       84.51       70.01       92.66       71.93       103.99      84935.35    84906.19    56663.89    57249.80    14496.99    15726.95    116.17      134.21      113.56      148.56      116.45      166.61      
  800    55701.63    56056.36    46889.92    47444.44    34728.86    35696.89    200.31      256.90      47.29       54.99       47.77       62.84       92716.65    92726.89    78675.26    79006.39    56451.90    56888.87    4214.17     3215.84     80.53       97.60       80.37       112.95      101232.80   101468.18   86741.84    87014.49    63781.91    64450.98    11218.43    8749.89     132.33      162.54      130.73      188.26      
  1200   58621.32    58719.79    53144.87    53338.57    44624.40    45710.72    24070.53    23071.00    58.04       109.72      54.16       99.83       98292.16    98464.26    88823.35    89040.86    74299.61    74627.19    38719.42    37844.22    123.05      282.74      107.06      242.76      107032.41   107157.03   97078.73    97382.07    81790.99    82032.42    45708.97    43939.27    224.68      565.07      186.06      458.85      
  1600   60483.01    60848.52    56131.04    56455.13    49969.08    50493.20    34458.92    34112.94    6369.79     11032.91    259.27      670.11      100912.05   101049.56   94049.37    94222.00    83020.15    83331.26    55966.41    55651.02    12624.87    19037.29    714.72      1942.31     109957.96   110115.72   102501.38   102721.90   90762.68    91096.66    62692.47    62336.35    17471.20    23685.19    1406.21     3798.98     
  2000   61373.52    61701.34    58057.87    58030.86    53241.61    52979.54    41048.47    40464.10    19408.04    22716.80    4808.83     4067.37     102727.60   103068.12   97051.07    97119.37    88208.60    88256.37    67112.11    66576.50    31662.10    36991.62    9186.74     8050.75     111666.35   111777.31   105660.89   105843.77   96140.21    96331.09    73959.68    73433.23    36974.46    42608.39    12729.16    11542.22    
