# averaged over 10 runs, in this order:
#    1. benchmark2-09-17-26_080502-run01
#    2. benchmark2-09-17-26_081627-run02
#    3. benchmark2-09-17-26_082741-run03
#    4. benchmark2-09-17-26_083855-run04
#    5. benchmark2-09-17-26_085012-run05
#    6. benchmark2-09-17-26_090122-run06
#    7. benchmark2-09-17-26_091232-run07
#    8. benchmark2-09-17-26_092344-run08
#    9. benchmark2-09-17-26_093502-run09
#   10. benchmark2-09-17-26_094612-run10
#
# per-run values:
#   p50  kc_fetch        1.75  1.75  1.75  1.75  1.76  1.76  1.75  1.75  1.76  1.75
#   p50  counter_att     0.68  0.66  0.68  0.67  0.67  0.69  0.69  0.68  0.67  0.68
#   p50  rbe_proof       19.95  19.93  19.81  19.92  19.86  19.93  20.18  19.99  20.05  19.95
#   p50  challenge_resp  75.19  74.76  74.87  74.6  74.5  75.27  75.35  75.01  74.4  75.13
#   p50  token_review    2.41  2.36  2.03  1.97  2.3  2.42  2.02  2.33  2  2.12
#   p50  e2e             94.22  93.94  90.11  90.96  90.83  93.81  90.62  88.77  92.3  92.4
#   p90  kc_fetch        2.36  2.36  2.36  2.36  2.37  2.37  2.36  2.36  2.37  2.36
#   p90  counter_att     1  1  1  0.99  1  1.01  1.15  1  1.11  1.01
#   p90  rbe_proof       40.16  40.14  39.72  40.06  39.83  40.23  40.92  40.45  40.36  40.21
#   p90  challenge_resp  98.27  97.83  97.93  97.59  97.2  98.23  98.55  98.14  97.16  98.02
#   p90  token_review    4.62  4.64  4.4  4.32  4.62  4.64  4.39  4.59  4.47  4.46
#   p90  e2e             171.01  169.17  164.24  163.27  162.68  171.35  167.69  163.96  165.63  169.52
#   p95  kc_fetch        2.44  2.44  2.44  2.44  2.45  2.44  2.44  2.44  2.45  2.44
#   p95  counter_att     1.75  1.75  1.72  1.71  1.72  1.77  1.84  1.73  1.83  1.77
#   p95  rbe_proof       45.33  45.38  45.15  45.3  45.15  45.48  45.78  45.63  45.35  45.41
#   p95  challenge_resp  142.85  129.66  132.99  120.96  102.1  141.54  150.01  139.53  100.44  135.46
#   p95  token_review    4.91  4.94  4.83  4.81  4.93  4.93  4.83  4.89  4.94  4.84
#   p95  e2e             189.06  186.04  182  178.36  177.21  187.64  182.63  179.83  179.7  185.28
#   p99  kc_fetch        2.85  2.8  2.5  2.69  4.78  3.25  2.66  2.5  4.36  2.63
#   p99  counter_att     2.37  2.38  2.37  2.36  2.37  2.38  2.39  2.36  2.4  2.37
#   p99  rbe_proof       49.47  49.57  49.5  49.49  49.41  49.68  49.67  49.78  49.34  49.57
#   p99  challenge_resp  228.57  225.93  226.6  224.19  220.42  228.31  230  227.91  220.09  227.09
#   p99  token_review    14.75  16.12  10.03  10.15  14.95  14.76  13.15  13.37  16.98  10.38
#   p99  e2e             233.14  226.14  221.14  212.14  203.63  227.27  221.38  218.63  218.07  224.68
#
Label	kc_fetch	kc_fetch_stddev	counter_att	counter_att_stddev	rbe_proof	rbe_proof_stddev	challenge_resp	challenge_resp_stddev	token_review	token_review_stddev	e2e	e2e_stddev
p50	1.753000	0.004830	0.677000	0.009487	19.957000	0.101877	74.908000	0.334724	2.196000	0.184222	91.796000	1.830660
p90	2.363000	0.004830	1.027000	0.055388	40.208000	0.333160	97.892000	0.456942	4.515000	0.120577	166.852000	3.293603
p95	2.442000	0.004216	1.759000	0.045080	45.396000	0.196197	129.554000	16.866530	4.885000	0.052122	182.775000	4.073170
p99	3.102000	0.808810	2.375000	0.012693	49.548000	0.133816	225.911000	3.373154	13.464000	2.524362	220.622000	8.298648
